---
image_width: 640
image_height: 480
camera_name: right
camera_matrix:
  rows: 3
  cols: 3
  data: [540.721387, 0.000000, 303.232502, 0.000000, 537.770509, 232.737990, 0.000000, 0.000000, 1.000000]
distortion_model: plumb_bob
distortion_coefficients:
  rows: 1
  cols: 5
  data: [-0.102226, 0.132236, -0.000128, 0.004059, 0.000000]
rectification_matrix:
  rows: 3
  cols: 3
  data: [0.999766, 0.003132, 0.021389, -0.003144, 0.999995, 0.000526, -0.021387, -0.000593, 0.999771]
projection_matrix:
  rows: 3
  cols: 4
  data: [541.841537, 0.000000, 289.617764, -438.114724, 0.000000, 541.841537, 235.441652, 0.000000, 0.000000, 0.000000, 1.000000, 0.000000]
 
