---
image_width: 640
image_height: 480
camera_name: left
camera_matrix:
  rows: 3
  cols: 3
  data: [531.903462, 0.000000, 289.551167, 0.000000, 528.272158, 238.084198, 0.000000, 0.000000, 1.000000]
distortion_model: plumb_bob
distortion_coefficients:
  rows: 1
  cols: 5
  data: [-0.118259, 0.114805, -0.001261, 0.000479, 0.000000]
rectification_matrix:
  rows: 3
  cols: 3
  data: [0.999863, 0.002835, -0.016292, -0.002851, 0.999995, -0.000958, 0.016289, 0.001004, 0.999867]
projection_matrix:
  rows: 3
  cols: 4
  data: [528.468024, 0.000000, 305.224731, 0.000000, 0.000000, 528.468024, 235.843048, 0.000000, 0.000000, 0.000000, 1.000000, 0.000000]
 
