# oST version 5.0 parameters


[image]

width
640

height
480

[narrow_stereo/left]

camera matrix
531.903462 0.000000 289.551167
0.000000 528.272158 238.084198
0.000000 0.000000 1.000000

distortion
-0.118259 0.114805 -0.001261 0.000479 0.000000

rectification
0.999863 0.002835 -0.016292
-0.002851 0.999995 -0.000958
0.016289 0.001004 0.999867

projection
528.468024 0.000000 305.224731 0.000000
0.000000 528.468024 235.843048 0.000000
0.000000 0.000000 1.000000 0.000000

# oST version 5.0 parameters


[image]

width
640

height
480

[narrow_stereo/right]

camera matrix
533.394618 0.000000 298.794220
0.000000 529.552372 233.158575
0.000000 0.000000 1.000000

distortion
-0.122219 0.154504 0.000838 0.002080 0.000000

rectification
0.999951 0.005574 -0.008160
-0.005566 0.999984 0.001004
0.008165 -0.000958 0.999966

projection
528.468024 0.000000 305.224731 -42.733774
0.000000 528.468024 235.843048 0.000000
0.000000 0.000000 1.000000 0.000000

