---
image_width: 640
image_height: 480
camera_name: right
camera_matrix:
  rows: 3
  cols: 3
  data: [533.394618, 0.000000, 298.794220, 0.000000, 529.552372, 233.158575, 0.000000, 0.000000, 1.000000]
distortion_model: plumb_bob
distortion_coefficients:
  rows: 1
  cols: 5
  data: [-0.122219, 0.154504, 0.000838, 0.002080, 0.000000]
rectification_matrix:
  rows: 3
  cols: 3
  data: [0.999951, 0.005574, -0.008160, -0.005566, 0.999984, 0.001004, 0.008165, -0.000958, 0.999966]
projection_matrix:
  rows: 3
  cols: 4
  data: [528.468024, 0.000000, 305.224731, -42.733774, 0.000000, 528.468024, 235.843048, 0.000000, 0.000000, 0.000000, 1.000000, 0.000000]
 
