---
image_width: 640
image_height: 480
camera_name: left
camera_matrix:
  rows: 3
  cols: 3
  data: [541.474543, 0.000000, 298.403168, 0.000000, 539.057024, 238.308799, 0.000000, 0.000000, 1.000000]
distortion_model: plumb_bob
distortion_coefficients:
  rows: 1
  cols: 5
  data: [-0.110060, 0.149690, -0.001345, 0.002019, 0.000000]
rectification_matrix:
  rows: 3
  cols: 3
  data: [0.999775, -0.000497, 0.021226, 0.000509, 1.000000, -0.000554, -0.021226, 0.000565, 0.999775]
projection_matrix:
  rows: 3
  cols: 4
  data: [541.841537, 0.000000, 289.617764, 0.000000, 0.000000, 541.841537, 235.441652, 0.000000, 0.000000, 0.000000, 1.000000, 0.000000]
 
