# oST version 5.0 parameters


[image]

width
640

height
480

[narrow_stereo/left]

camera matrix
541.474543 0.000000 298.403168
0.000000 539.057024 238.308799
0.000000 0.000000 1.000000

distortion
-0.110060 0.149690 -0.001345 0.002019 0.000000

rectification
0.999775 -0.000497 0.021226
0.000509 1.000000 -0.000554
-0.021226 0.000565 0.999775

projection
541.841537 0.000000 289.617764 0.000000
0.000000 541.841537 235.441652 0.000000
0.000000 0.000000 1.000000 0.000000

# oST version 5.0 parameters


[image]

width
640

height
480

[narrow_stereo/right]

camera matrix
540.721387 0.000000 303.232502
0.000000 537.770509 232.737990
0.000000 0.000000 1.000000

distortion
-0.102226 0.132236 -0.000128 0.004059 0.000000

rectification
0.999766 0.003132 0.021389
-0.003144 0.999995 0.000526
-0.021387 -0.000593 0.999771

projection
541.841537 0.000000 289.617764 -438.114724
0.000000 541.841537 235.441652 0.000000
0.000000 0.000000 1.000000 0.000000

