---
image_width: 640
image_height: 480
camera_name: right
camera_matrix:
  rows: 3
  cols: 3
  data: [534.745949, 0.000000, 297.256347, 0.000000, 531.847710, 234.237973, 0.000000, 0.000000, 1.000000]
distortion_model: plumb_bob
distortion_coefficients:
  rows: 1
  cols: 5
  data: [-0.103544, 0.132580, -0.000352, 0.003001, 0.000000]
rectification_matrix:
  rows: 3
  cols: 3
  data: [0.999790, 0.005962, 0.019611, -0.005936, 0.999981, -0.001397, -0.019619, 0.001280, 0.999807]
projection_matrix:
  rows: 3
  cols: 4
  data: [537.151866, 0.000000, 284.801064, -434.774258, 0.000000, 537.151866, 237.970804, 0.000000, 0.000000, 0.000000, 1.000000, 0.000000]
 
