---
image_width: 640
image_height: 480
camera_name: left
camera_matrix:
  rows: 3
  cols: 3
  data: [543.074868, 0.000000, 287.229265, 0.000000, 539.587469, 241.540317, 0.000000, 0.000000, 1.000000]
distortion_model: plumb_bob
distortion_coefficients:
  rows: 1
  cols: 5
  data: [-0.104603, 0.122569, -0.000744, -0.002780, 0.000000]
rectification_matrix:
  rows: 3
  cols: 3
  data: [0.999940, 0.005279, -0.009554, -0.005275, 0.999986, 0.000373, 0.009555, -0.000323, 0.999954]
projection_matrix:
  rows: 3
  cols: 4
  data: [517.876141, 0.000000, 296.862514, 0.000000, 0.000000, 517.876141, 238.556276, 0.000000, 0.000000 0.000000 1.000000 0.000000]
 
