# oST version 5.0 parameters


[image]

width
640

height
480

[narrow_stereo/left]

camera matrix
543.074868 0.000000 287.229265
0.000000 539.587469 241.540317
0.000000 0.000000 1.000000

distortion
-0.104603 0.122569 -0.000744 -0.002780 0.000000

rectification
0.999940 0.005279 -0.009554
-0.005275 0.999986 0.000373
0.009555 -0.000323 0.999954

projection
517.876141 0.000000 296.862514 0.000000
0.000000 517.876141 238.556276 0.000000
0.000000 0.000000 1.000000 0.000000

# oST version 5.0 parameters


[image]

width
640

height
480

[narrow_stereo/right]

camera matrix
542.614907 0.000000 293.134228
0.000000 539.559782 235.293746
0.000000 0.000000 1.000000

distortion
-0.105979 0.144849 0.000301 -0.000682 0.000000

rectification
0.999944 0.008359 -0.006456
-0.008362 0.999965 -0.000321
0.006453 0.000375 0.999979

projection
517.876141 0.000000 296.862514 -416.756602
0.000000 517.876141 238.556276 0.000000
0.000000 0.000000 1.000000 0.000000

