---
image_width: 640
image_height: 480
camera_name: left_camera
camera_matrix:
  rows: 3
  cols: 3
  data: [544.161099,0.000000,288.279616,0.000000,541.011096,241.688867,0.000000,0.000000,1.000000]
distortion_model: plumb_bob
distortion_coefficients:
  rows: 1
  cols: 5
  data: [-0.103212, 0.124843, -0.001771, -0.002414, 0.000000]
rectification_matrix:
  rows: 3
  cols: 3
  data: [0.999950, 0.007722, -0.006340, -0.007724, 0.999970, -0.000309, 0.006338, 0.000357, 0.999980]
projection_matrix:
  rows: 3
  cols: 4
  data: [544.585654, 0.000000, 296.103779, 0.000000, 0.000000, 544.585654, 238.794819, 0.000000, 0.000000, 0.000000, 1.000000, 0.000000]
 
