---
image_width: 640
image_height: 480
camera_name: right_camera
camera_matrix:
  rows: 3
  cols: 3
  data: [543.547542, 0.000000, 293.324477, 0.000000, 540.762604, 236.246112, 0.000000, 0.000000, 1.000000]
distortion_model: plumb_bob
distortion_coefficients:
  rows: 1
  cols: 5
  data: [-0.105578, 0.147212, -0.000078, -0.000329, 0.000000]
rectification_matrix:
  rows: 3
  cols: 3
  data: [0.999927, 0.011052, -0.004984, -0.011050, 0.999939, 0.000361, 0.004987, -0.000305, 0.999988]
projection_matrix:
  rows: 3
  cols: 4
  data: [544.585654, 0.000000, 296.103779, -437.997592, 0.000000, 544.585654, 238.794819, 0.000000, 0.000000, 0.000000, 1.000000, 0.000000]
 
