# oST version 5.0 parameters


[image]

width
640

height
480

[narrow_stereo/left]

camera matrix
544.161099 0.000000 288.279616
0.000000 541.011096 241.688867
0.000000 0.000000 1.000000

distortion
-0.103212 0.124843 -0.001771 -0.002414 0.000000

rectification
0.999950 0.007722 -0.006340
-0.007724 0.999970 -0.000309
0.006338 0.000357 0.999980

projection
544.585654 0.000000 296.103779 0.000000
0.000000 544.585654 238.794819 0.000000
0.000000 0.000000 1.000000 0.000000

# oST version 5.0 parameters


[image]

width
640

height
480

[narrow_stereo/right]

camera matrix
543.547542 0.000000 293.324477
0.000000 540.762604 236.246112
0.000000 0.000000 1.000000

distortion
-0.105578 0.147212 -0.000078 -0.000329 0.000000

rectification
0.999927 0.011052 -0.004984
-0.011050 0.999939 0.000361
0.004987 -0.000305 0.999988

projection
544.585654 0.000000 296.103779 -437.997592
0.000000 544.585654 238.794819 0.000000
0.000000 0.000000 1.000000 0.000000

