---
image_width: 640
image_height: 480
camera_name: left
camera_matrix:
  rows: 3
  cols: 3
  data: [535.764574, 0.000000, 292.439259, 0.000000, 533.232846, 241.653256, 0.000000, 0.000000, 1.000000]
distortion_model: plumb_bob
distortion_coefficients:
  rows: 1
  cols: 5
  data: [-0.105913, 0.131458, -0.000418, 0.001248, 0.000000]
rectification_matrix:
  rows: 3
  cols: 3
  data: [0.999809, 0.002461, 0.019414, -0.002487, 0.999996, 0.001315, -0.019410, -0.001363, 0.999811]
projection_matrix:
  rows: 3
  cols: 4
  data: [537.151866, 0.000000, 284.801064, 0.000000, 0.000000, 537.151866, 237.970804, 0.000000, 0.000000, 0.000000, 1.000000, 0.000000]
 
