# oST version 5.0 parameters


[image]

width
640

height
480

[narrow_stereo/left]

camera matrix
535.764574 0.000000 292.439259
0.000000 533.232846 241.653256
0.000000 0.000000 1.000000

distortion
-0.105913 0.131458 -0.000418 0.001248 0.000000

rectification
0.999809 0.002461 0.019414
-0.002487 0.999996 0.001315
-0.019410 -0.001363 0.999811

projection
537.151866 0.000000 284.801064 0.000000
0.000000 537.151866 237.970804 0.000000
0.000000 0.000000 1.000000 0.000000

# oST version 5.0 parameters


[image]

width
640

height
480

[narrow_stereo/right]

camera matrix
534.745949 0.000000 297.256347
0.000000 531.847710 234.237973
0.000000 0.000000 1.000000

distortion
-0.103544 0.132580 -0.000352 0.003001 0.000000

rectification
0.999790 0.005962 0.019611
-0.005936 0.999981 -0.001397
-0.019619 0.001280 0.999807

projection
537.151866 0.000000 284.801064 -434.774258
0.000000 537.151866 237.970804 0.000000
0.000000 0.000000 1.000000 0.000000


