---
image_width: 640
image_height: 480
camera_name: right
camera_matrix:
  rows: 3
  cols: 3
  data: [542.614907, 0.000000, 293.134228, 0.000000, 539.559782, 235.293746, 0.000000, 0.000000, 1.000000]
distortion_model: plumb_bob
distortion_coefficients:
  rows: 1
  cols: 5
  data: [-0.105979, 0.144849, 0.000301, -0.000682, 0.000000]
rectification_matrix:
  rows: 3
  cols: 3
  data: [0.999944, 0.008359, -0.006456, -0.008362, 0.999965, -0.000321, 0.006453, 0.000375, 0.999979]
projection_matrix:
  rows: 3
  cols: 4
  data: [517.876141, 0.000000, 296.862514, -416.756602, 0.000000, 517.876141, 238.556276, 0.000000, 0.000000, 0.000000, 1.000000, 0.000000]
 
